vertices

# dół

-40, -10, 200
-40, -10, 140
-90, -10, 140
-90, -10, 200

# linia 1

-40, 10, 200
-38, 10, 200
-38, 12, 200
-40, 12, 200

-40, 10, 140
-38, 10, 140
-38, 12, 140
-40, 12, 140

# linia 2

-40, 30, 200
-38, 30, 200
-38, 32, 200
-40, 32, 200

-40, 30, 140
-38, 30, 140
-38, 32, 140
-40, 32, 140

#góra

-40, 50, 200
-40, 50, 140
-90, 50, 140
-90, 50, 200

# dach

-38, 50, 202
-38, 50, 138
-92, 50, 138
-92, 50, 202

-38, 52, 202
-38, 52, 138
-92, 52, 138
-92, 52, 202


## okna

# rząd 1

-40, -8, 195
-40, -8, 185
-40, 8, 185
-40, 8, 195

-40, -8, 175
-40, -8, 165
-40, 8, 165
-40, 8, 175

-40, -8, 155
-40, -8, 145
-40, 8, 145
-40, 8, 155

# rząd 2

-40, 14, 195
-40, 14, 185
-40, 28, 185
-40, 28, 195

-40, 14, 175
-40, 14, 165
-40, 28, 165
-40, 28, 175

-40, 14, 155
-40, 14, 145
-40, 28, 145
-40, 28, 155

# rząd 3

-40, 34, 195
-40, 34, 185
-40, 48, 185
-40, 48, 195

-40, 34, 175
-40, 34, 165
-40, 48, 165
-40, 48, 175

-40, 34, 155
-40, 34, 145
-40, 48, 145
-40, 48, 155


edges

0,1
1,2
2,3
0,3

0,4
4,5
5,6
6,7

4,8
5,9
6,10
7,11

1,8
8,9
9,10
10,11

7,12
12,13
13,14
14,15

12,16
13,17
14,18
15,19

11,16
16,17
17,18
18,19

15,20
19,21

20,21
21,22
22,23
23,20

3,23
2,22

#dach

24,25
25,26
26,27
24,27

28,29
29,30
30,31
31,28

24,28
25,29
26,30
27,31

# okna

# rząd 1

32,33
33,34
34,35
35,32

36,37
37,38
38,39
39,36

40,41
41,42
42,43
43,40

# rząd 2

44,45
45,46
46,47
47,44

48,49
49,50
50,51
51,48

52,53
53,54
54,55
55,52

# rząd 3

56,57
57,58
58,59
59,56

60,61
61,62
62,63
63,60

64,65
65,66
66,67
67,64


vertices

# dół

40, -10, 200
40, -10, 140
90, -10, 140
90, -10, 200

# linia 1

40, 10, 200
38, 10, 200
38, 12, 200
40, 12, 200

40, 10, 140
38, 10, 140
38, 12, 140
40, 12, 140

# linia 2

40, 30, 200
38, 30, 200
38, 32, 200
40, 32, 200

40, 30, 140
38, 30, 140
38, 32, 140
40, 32, 140

#góra

40, 50, 200
40, 50, 140
90, 50, 140
90, 50, 200

# dach

38, 50, 202
38, 50, 138
92, 50, 138
92, 50, 202

38, 52, 202
38, 52, 138
92, 52, 138
92, 52, 202


## okna

# rząd 1

40, -8, 195
40, -8, 185
40, 8, 185
40, 8, 195

40, -8, 175
40, -8, 165
40, 8, 165
40, 8, 175

40, -8, 155
40, -8, 145
40, 8, 145
40, 8, 155

# rząd 2

40, 14, 195
40, 14, 185
40, 28, 185
40, 28, 195

40, 14, 175
40, 14, 165
40, 28, 165
40, 28, 175

40, 14, 155
40, 14, 145
40, 28, 145
40, 28, 155

# rząd 3

40, 34, 195
40, 34, 185
40, 48, 185
40, 48, 195

40, 34, 175
40, 34, 165
40, 48, 165
40, 48, 175

40, 34, 155
40, 34, 145
40, 48, 145
40, 48, 155


edges

0,1
1,2
2,3
0,3

0,4
4,5
5,6
6,7

4,8
5,9
6,10
7,11

1,8
8,9
9,10
10,11

7,12
12,13
13,14
14,15

12,16
13,17
14,18
15,19

11,16
16,17
17,18
18,19

15,20
19,21

20,21
21,22
22,23
23,20

3,23
2,22

#dach

24,25
25,26
26,27
24,27

28,29
29,30
30,31
31,28

24,28
25,29
26,30
27,31

# okna

# rząd 1

32,33
33,34
34,35
35,32

36,37
37,38
38,39
39,36

40,41
41,42
42,43
43,40

# rząd 2

44,45
45,46
46,47
47,44

48,49
49,50
50,51
51,48

52,53
53,54
54,55
55,52

# rząd 3

56,57
57,58
58,59
59,56

60,61
61,62
62,63
63,60

64,65
65,66
66,67
67,64


vertices

# dół

40, -10, 300
40, -10, 240
90, -10, 240
90, -10, 300

# linia 1

40, 10, 300
38, 10, 300
38, 12, 300
40, 12, 300

40, 10, 240
38, 10, 240
38, 12, 240
40, 12, 240

# linia 2

40, 30, 300
38, 30, 300
38, 32, 300
40, 32, 300

40, 30, 240
38, 30, 240
38, 32, 240
40, 32, 240

#góra

40, 50, 300
40, 50, 240
90, 50, 240
90, 50, 300

# dach

38, 50, 302
38, 50, 238
92, 50, 238
92, 50, 302

38, 52, 302
38, 52, 238
92, 52, 238
92, 52, 302


## okna

# rząd 1

40, -8, 295
40, -8, 285
40, 8, 285
40, 8, 295

40, -8, 275
40, -8, 265
40, 8, 265
40, 8, 275

40, -8, 255
40, -8, 245
40, 8, 245
40, 8, 255

# rząd 2

40, 14, 295
40, 14, 285
40, 28, 285
40, 28, 295

40, 14, 275
40, 14, 265
40, 28, 265
40, 28, 275

40, 14, 255
40, 14, 245
40, 28, 245
40, 28, 255

# rząd 3

40, 34, 295
40, 34, 285
40, 48, 285
40, 48, 295

40, 34, 275
40, 34, 265
40, 48, 265
40, 48, 275

40, 34, 255
40, 34, 245
40, 48, 245
40, 48, 255


edges

0,1
1,2
2,3
0,3

0,4
4,5
5,6
6,7

4,8
5,9
6,10
7,11

1,8
8,9
9,10
10,11

7,12
12,13
13,14
14,15

12,16
13,17
14,18
15,19

11,16
16,17
17,18
18,19

15,20
19,21

20,21
21,22
22,23
23,20

3,23
2,22

#dach

24,25
25,26
26,27
24,27

28,29
29,30
30,31
31,28

24,28
25,29
26,30
27,31

# okna

# rząd 1

32,33
33,34
34,35
35,32

36,37
37,38
38,39
39,36

40,41
41,42
42,43
43,40

# rząd 2

44,45
45,46
46,47
47,44

48,49
49,50
50,51
51,48

52,53
53,54
54,55
55,52

# rząd 3

56,57
57,58
58,59
59,56

60,61
61,62
62,63
63,60

64,65
65,66
66,67
67,64


vertices

# dół

-40, -10, 300
-40, -10, 240
-90, -10, 240
-90, -10, 300

# linia 1

-40, 10, 300
-38, 10, 300
-38, 12, 300
-40, 12, 300

-40, 10, 240
-38, 10, 240
-38, 12, 240
-40, 12, 240

# linia 2

-40, 30, 300
-38, 30, 300
-38, 32, 300
-40, 32, 300

-40, 30, 240
-38, 30, 240
-38, 32, 240
-40, 32, 240

#góra

-40, 50, 300
-40, 50, 240
-90, 50, 240
-90, 50, 300

# dach

-38, 50, 302
-38, 50, 238
-92, 50, 238
-92, 50, 302

-38, 52, 302
-38, 52, 238
-92, 52, 238
-92, 52, 302


## okna

# rząd 1

-40, -8, 295
-40, -8, 285
-40, 8, 285
-40, 8, 295

-40, -8, 275
-40, -8, 265
-40, 8, 265
-40, 8, 275

-40, -8, 255
-40, -8, 245
-40, 8, 245
-40, 8, 255

# rząd 2

-40, 14, 295
-40, 14, 285
-40, 28, 285
-40, 28, 295

-40, 14, 275
-40, 14, 265
-40, 28, 265
-40, 28, 275

-40, 14, 255
-40, 14, 245
-40, 28, 245
-40, 28, 255

# rząd 3

-40, 34, 295
-40, 34, 285
-40, 48, 285
-40, 48, 295

-40, 34, 275
-40, 34, 265
-40, 48, 265
-40, 48, 275

-40, 34, 255
-40, 34, 245
-40, 48, 245
-40, 48, 255


edges

0,1
1,2
2,3
0,3

0,4
4,5
5,6
6,7

4,8
5,9
6,10
7,11

1,8
8,9
9,10
10,11

7,12
12,13
13,14
14,15

12,16
13,17
14,18
15,19

11,16
16,17
17,18
18,19

15,20
19,21

20,21
21,22
22,23
23,20

3,23
2,22

#dach

24,25
25,26
26,27
24,27

28,29
29,30
30,31
31,28

24,28
25,29
26,30
27,31

# okna

# rząd 1

32,33
33,34
34,35
35,32

36,37
37,38
38,39
39,36

40,41
41,42
42,43
43,40

# rząd 2

44,45
45,46
46,47
47,44

48,49
49,50
50,51
51,48

52,53
53,54
54,55
55,52

# rząd 3

56,57
57,58
58,59
59,56

60,61
61,62
62,63
63,60

64,65
65,66
66,67
67,64


